2025-06-06 13:40:27
6
1
shipping_ctn_write shipping_ctn_read shipping [(2, 0.35413349561556273), (3, 0.261812424760226), (4, 0.261812424760226), (1, 0.08296979114995144), (0, 0.0392718637140339)]
2
shipping_ctn_write shipping_ctn_read shipping [(0, 0.2671544743143986), (2, 0.23264937323352425), (3, 0.23264937323352425), (4, 0.23264937323352425), (1, 0.03489740598502864)]
3
shipping_ctn_write shipping_ctn_read shipping [(0, 0.2671544743143986), (2, 0.23264937323352425), (3, 0.23264937323352425), (4, 0.23264937323352425), (1, 0.03489740598502864)]
4
shipping_ctn_write shipping_ctn_read shipping [(0, 0.2671544743143986), (2, 0.23264937323352425), (3, 0.23264937323352425), (4, 0.23264937323352425), (1, 0.03489740598502864)]
5
shipping_ctn_write shipping_ctn_read shipping [(0, 0.2671544743143986), (2, 0.23264937323352425), (3, 0.23264937323352425), (4, 0.23264937323352425), (1, 0.03489740598502864)]
6
shipping_ctn_write shipping_ctn_read shipping [(0, 0.25399959560496194), (3, 0.24580425194296096), (2, 0.23264937323352428), (4, 0.23264937323352428), (1, 0.03489740598502864)]
7
shipping_ctn_write shipping_ctn_read shipping [(2, 0.42500129970550965), (4, 0.3556647648807802), (3, 0.09868261531990159), (1, 0.076301180253422), (0, 0.044350139840386625)]
8
shipping_ctn_write shipping_ctn_read shipping [(3, 0.3436651340650302), (0, 0.28761599900566087), (2, 0.28651307691171024), (1, 0.04110289500879938), (4, 0.04110289500879938)]
9
shipping_ctn_write shipping_ctn_read shipping [(3, 0.34645328146957455), (0, 0.2857543656240488), (2, 0.2855865628887779), (1, 0.04110289500879938), (4, 0.04110289500879938)]
10
shipping_ctn_write shipping_ctn_read shipping [(3, 0.41858463255489514), (0, 0.3852516407688406), (1, 0.10480317491906602), (2, 0.045680275878599165), (4, 0.045680275878599165)]
-----one service finish-----
2025-06-06 13:43:45
2025-08-06 10:31:24
6
1
shipping_ctn_write shipping_ctn_read shipping [(0, 0.2671544743143986), (2, 0.23264937323352425), (3, 0.23264937323352425), (4, 0.23264937323352425), (1, 0.03489740598502864)]
2
shipping_ctn_write shipping_ctn_read shipping [(4, 0.5657390681076117), (3, 0.1717838589005763), (2, 0.12153764768078322), (1, 0.09738005833330549), (0, 0.043559366977723335)]
3
shipping_ctn_write shipping_ctn_read shipping [(0, 0.25297360150487397), (3, 0.24683024604304882), (2, 0.23264937323352425), (4, 0.23264937323352425), (1, 0.03489740598502864)]
4
shipping_ctn_write shipping_ctn_read shipping [(4, 0.6227683726117271), (3, 0.16920688491824154), (1, 0.08164401956358379), (2, 0.07955526770027428), (0, 0.04682545520617326)]
5
shipping_ctn_write shipping_ctn_read shipping [(3, 0.4174904059525204), (0, 0.38634586737121535), (1, 0.10480317491906602), (2, 0.045680275878599165), (4, 0.045680275878599165)]
6
shipping_ctn_write shipping_ctn_read shipping [(0, 0.2529220682860168), (3, 0.24688177926190605), (2, 0.23264937323352425), (4, 0.23264937323352425), (1, 0.03489740598502864)]
7
shipping_ctn_write shipping_ctn_read shipping [(4, 0.33641649004481233), (2, 0.2822336521495672), (0, 0.2815842785707262), (3, 0.05948633806699436), (1, 0.04027924116789994)]
8
shipping_ctn_write shipping_ctn_read shipping [(2, 0.4074129532741191), (4, 0.3611776793108054), (1, 0.09776410318583194), (3, 0.0899582007556911), (0, 0.043687063473552556)]
9
shipping_ctn_write shipping_ctn_read shipping [(0, 0.25290064565127285), (3, 0.24690320189665005), (2, 0.23264937323352428), (4, 0.23264937323352428), (1, 0.03489740598502864)]
10
shipping_ctn_write shipping_ctn_read shipping [(3, 0.42267322316056377), (0, 0.381163050163172), (1, 0.10480317491906602), (2, 0.045680275878599165), (4, 0.045680275878599165)]
-----one service finish-----
2025-08-06 10:35:34
